   5.443   5.868  27.910
   6.928   9.133  26.683
   9.834   7.477  25.031
   7.947   4.906  23.029
   5.344   7.378  22.022
   8.159   9.648  20.707
   9.463   6.581  18.792
   5.939   5.911  17.329
   5.853   9.531  16.002
   9.241   8.933  14.303
   7.915   5.843  12.444
   4.821   7.742  11.310
   6.961  10.663  10.054
   9.462   8.547   8.020
   6.972   5.875   6.886
   4.134   8.136   5.779
   6.538  10.523   4.018
   8.329   7.595   2.295
   4.930   6.282   1.144
   4.229   9.751  -0.421
   7.594   9.863  -2.278
   6.856   6.360  -3.655
   3.301   7.230  -4.853
   4.838  10.097  -6.823
   7.766   8.204  -8.321
   5.619   5.356  -9.598
   3.793   7.522 -12.103
   6.779   9.852 -12.820
   9.098   6.790 -13.269
   6.814   4.914 -15.651
   6.605   8.069 -17.768
  10.388   8.456 -17.950
  11.009   4.829 -18.917
   8.676   5.413 -21.860
  10.320   8.644 -22.958
  13.912   7.361 -22.668
  12.794   4.385 -24.735
  11.606   6.653 -27.548
  14.567   9.012 -27.384
  17.551   8.647 -25.047
  18.272  12.351 -24.866
  15.340  12.382 -22.570
  17.344  10.624 -19.741
  18.542  13.770 -18.072
  15.138  15.370 -17.639
  13.472  12.138 -16.522
  15.947  11.874 -13.600
  15.371  15.465 -12.501
  11.624  14.841 -12.121
  12.104  11.459 -10.274
  14.432  13.046  -7.696
  12.286  16.135  -6.985
   9.635  14.057  -5.066
  12.487  12.713  -2.902
  12.358  15.849  -0.754
   9.239  14.655   1.020
  11.294  11.945   2.753
  14.107  14.391   3.645
  11.467  16.418   5.452
  10.105  13.449   7.468
  13.661  12.232   8.131
  14.323  15.735   9.513
  11.406  15.515  11.978
  12.558  12.073  13.122
  16.072  13.396  13.837
  14.652  16.352  15.830
  12.459  13.951  17.893
  15.324  11.418  18.396
  17.190  14.196  20.128
  14.650  13.842  22.985
  14.962  10.063  23.151
   2.223  11.277  27.963
   2.179  14.952  26.956
   5.561  14.752  25.288
   4.824  11.478  23.609
   1.461  12.481  22.283
   2.865  15.824  21.002
   5.395  13.716  18.992
   2.587  11.523  17.528
   0.880  14.811  16.504
   4.123  15.973  14.833
   4.563  12.733  12.816
   0.891  12.727  11.781
   1.065  16.287  10.455
   4.313  15.902   8.427
   3.655  12.357   7.174
   0.033  12.822   6.142
   0.787  16.190   4.481
   3.860  14.734   2.665
   1.559  11.967   1.397
  -0.870  14.595   0.013
   1.991  16.297  -1.907
   3.115  12.949  -3.378
  -0.422  12.143  -4.586
  -0.505  15.558  -6.304
   2.915  15.324  -7.928
   2.382  11.832  -9.309
  -0.103  12.892 -11.970
   1.239  16.436 -12.447
   4.826  15.022 -12.873
   4.010  12.352 -15.454
   2.134  14.852 -17.549
   5.085  17.236 -17.709
   7.579  14.433 -18.406
   5.327  13.624 -21.410
   4.992  17.272 -22.460
   8.716  18.148 -22.296
   9.314  15.094 -24.491
   7.101  16.573 -27.178
   8.472  20.151 -26.928
  11.235  21.205 -24.492
   9.613  24.582 -24.194
   7.172  23.177 -21.830
   9.780  22.709 -18.990
   8.963  25.963 -17.308
   5.210  25.377 -16.878
   5.751  21.780 -15.986
   8.091  22.708 -13.073
   5.817  25.595 -11.880
   2.946  23.093 -11.535
   4.957  20.171  -9.859
   6.192  22.537  -7.242
   2.956  24.295  -6.238
   1.755  21.047  -4.517
   4.801  21.342  -2.203
   3.022  24.112  -0.255
   1.058  21.373   1.562
   4.194  19.728   3.106
   5.272  23.176   4.368
   1.904  23.629   6.115
   2.459  20.254   7.866
   6.027  21.299   8.760
   4.749  24.622  10.156
   2.403  22.828  12.546
   5.110  20.316  13.573
   7.462  23.194  14.418
   4.763  24.618  16.350
   4.214  21.601  18.386
   8.033  21.229  18.906
   8.203  24.058  21.174
   5.749  22.721  23.551
   7.943  19.563  23.652
  -3.255  13.721  28.458
  -5.097  16.890  27.453
  -2.119  18.696  25.934
  -1.050  15.632  23.999
  -4.532  14.704  22.812
  -5.088  18.304  21.532
  -1.854  17.959  19.490
  -3.076  14.660  17.902
  -6.280  16.499  16.869
  -4.213  19.335  15.297
  -2.117  16.864  13.213
  -5.251  14.977  12.163
  -6.782  18.266  10.964
  -3.770  19.599   8.964
  -2.697  16.157   7.635
  -6.106  14.853   6.598
  -7.104  18.171   4.995
  -3.718  18.498   3.189
  -4.261  14.977   1.825
  -7.669  16.119   0.447
  -6.112  19.143  -1.407
  -3.478  16.770  -2.894
  -6.129  14.398  -4.311
  -7.853  17.383  -5.963
  -4.670  18.983  -7.309
  -3.418  15.794  -8.937
  -6.129  15.220 -11.515
  -7.102  18.966 -11.764
  -3.377  19.809 -12.497
  -2.401  16.983 -14.820
  -5.301  18.275 -16.897
  -3.911  21.853 -16.817
  -0.455  20.797 -18.088
  -2.052  19.142 -21.126
  -4.283  22.100 -21.890
  -1.398  24.630 -21.578
   0.622  22.352 -23.865
  -2.059  22.623 -26.572
  -2.702  26.429 -26.239
  -0.556  28.537 -23.917
  -3.576  30.671 -23.086
  -5.358  28.442 -20.639
  -2.604  29.160 -18.119
  -4.991  31.421 -16.213
  -7.957  29.008 -16.172
  -5.674  26.105 -15.289
  -4.063  27.955 -12.322
  -7.445  29.126 -10.934
  -8.796  25.568 -10.843
  -5.589  24.078  -9.299
  -5.330  26.750  -6.555
  -9.028  26.788  -5.534
  -8.715  23.234  -4.045
  -6.335  24.722  -1.439
  -9.276  26.106   0.533
  -9.474  22.664   2.168
  -5.946  23.047   3.700
  -6.891  26.534   5.099
  -9.916  25.088   6.930
  -7.685  22.478   8.633
  -5.082  25.114   9.583
  -7.870  27.278  11.057
  -8.963  24.394  13.313
  -5.354  23.642  14.280
  -4.874  27.301  15.292
  -8.135  27.258  17.323
  -6.858  24.137  19.146
  -3.352  25.683  19.691
  -4.886  28.536  21.692
  -6.326  26.050  24.204
  -2.996  24.167  24.367
  -9.567  13.617  28.918
 -12.810  15.337  27.918
 -10.987  18.421  26.619
  -8.330  16.442  24.759
 -10.651  13.858  23.151
 -13.080  16.601  21.917
 -10.089  18.035  19.954
  -9.468  14.581  18.364
 -13.182  14.517  17.306
 -12.931  18.073  15.929
  -9.924  17.075  13.764
 -11.614  13.947  12.396
 -14.665  16.000  11.389
 -12.657  18.691   9.477
  -9.981  16.366   8.046
 -12.324  13.604   6.900
 -14.880  16.039   5.431
 -12.107  17.936   3.570
 -10.862  14.635   2.130
 -14.436  14.204   0.758
 -14.511  17.624  -0.961
 -11.096  16.889  -2.530
 -12.177  13.447  -3.833
 -15.114  15.110  -5.607
 -13.288  18.166  -6.954
 -10.536  16.089  -8.548
 -12.732  14.426 -11.182
 -15.296  17.277 -11.440
 -12.382  19.779 -11.762
 -10.296  17.844 -14.292
 -13.334  17.665 -16.563
 -14.094  21.401 -16.120
 -10.517  22.235 -17.226
 -11.007  19.996 -20.309
 -14.347  21.534 -21.311
 -13.238  25.139 -20.822
 -10.410  24.227 -23.238
 -12.881  23.106 -25.946
 -15.148  26.176 -25.479
 -14.625  29.045 -22.971
 -18.317  29.508 -22.524
 -18.342  26.372 -20.358
 -16.677  28.242 -17.415
 -19.810  28.950 -15.359
 -21.069  25.350 -15.304
 -17.539  24.203 -14.462
 -17.249  26.621 -11.510
 -20.765  25.859 -10.192
 -20.088  22.105 -10.195
 -16.540  22.459  -8.643
 -17.698  24.603  -5.742
 -20.937  22.707  -4.955
 -18.995  19.699  -3.582
 -17.484  22.120  -1.011
 -20.356  22.076   1.395
 -19.205  18.702   2.671
 -16.236  20.662   4.296
 -18.586  23.377   5.743
 -20.756  20.688   7.385
 -17.685  19.176   9.150
 -16.604  22.672  10.251
 -20.094  23.231  11.754
 -19.542  20.158  13.967
 -15.992  21.196  14.875
 -17.313  24.601  16.059
 -20.252  23.075  17.958
 -17.676  20.937  19.842
 -15.358  23.966  20.502
 -18.101  25.472  22.653
 -17.202  22.739  25.121
 -13.399  22.433  24.791
 -14.215   9.595  28.977
 -17.965   9.693  28.188
 -17.969  13.362  27.241
 -14.992  13.056  24.872
 -15.781   9.639  23.430
 -19.259  10.936  22.485
 -17.375  13.653  20.507
 -15.070  11.184  18.708
 -18.233   9.323  17.460
 -19.962  12.657  16.509
 -17.019  13.332  14.225
 -16.630   9.860  12.744
 -20.320   9.919  11.736
 -20.072  13.251   9.891
 -16.566  12.710   8.407
 -17.124   9.190   7.088
 -20.541  10.143   5.612
 -19.092  13.345   4.022
 -16.362  11.128   2.564
 -19.192   8.955   1.095
 -20.941  11.933  -0.572
 -17.628  13.013  -2.213
 -16.930   9.496  -3.608
 -20.442   9.554  -5.126
 -20.271  13.025  -6.624
 -16.840  12.772  -8.121
 -17.971  10.309 -10.773
 -21.587  11.588 -10.939
 -20.538  15.252 -11.460
 -17.643  14.567 -13.807
 -20.150  12.916 -16.129
 -22.618  15.811 -15.797
 -20.096  18.571 -16.656
 -19.380  16.608 -19.856
 -23.079  16.054 -20.679
 -23.874  19.780 -20.192
 -21.047  20.398 -22.692
 -22.665  18.255 -25.384
 -26.070  19.928 -24.929
 -27.129  22.354 -22.215
 -30.490  20.783 -21.650
 -28.682  18.199 -19.666
 -28.268  20.744 -16.823
 -31.295  19.763 -14.770
 -30.725  16.093 -14.893
 -27.059  16.636 -14.010
 -27.856  18.767 -10.918
 -30.589  16.403  -9.583
 -28.250  13.433  -9.836
 -25.327  15.256  -8.059
 -27.418  16.606  -5.173
 -29.224  13.339  -4.368
 -25.933  11.755  -3.130
 -25.882  14.366  -0.301
 -28.547  12.568   1.564
 -25.722  10.507   3.062
 -24.161  13.568   4.849
 -27.586  14.532   6.340
 -27.859  11.108   7.977
 -24.405  11.553   9.559
 -25.297  15.090  10.765
 -28.519  13.690  12.336
 -26.485  11.164  14.321
 -24.082  13.774  15.604
 -26.960  16.104  16.543
 -28.671  13.208  18.370
 -25.360  12.571  20.233
 -24.815  16.313  21.051
 -27.951  16.099  23.118
 -26.093  13.646  25.311
 -23.039  15.886  25.689
 -16.772   4.118  29.009
 -20.168   2.547  28.245
 -22.054   5.657  27.169
 -19.060   7.019  25.256
 -18.172   3.755  23.503
 -21.802   3.208  22.412
 -21.464   6.560  20.567
 -18.278   5.395  18.789
 -20.233   2.274  17.595
 -23.164   4.435  16.424
 -20.780   6.650  14.339
 -19.068   3.591  12.805
 -22.414   2.046  11.838
 -23.711   5.169  10.044
 -20.445   6.491   8.588
 -19.074   3.231   7.210
 -22.465   2.253   5.727
 -22.855   5.672   4.009
 -19.387   5.252   2.540
 -20.750   1.970   1.035
 -23.830   3.701  -0.483
 -21.434   6.349  -1.869
 -19.057   3.817  -3.524
 -22.163   2.290  -5.172
 -23.810   5.517  -6.392
 -20.683   6.876  -8.085
 -20.455   4.122 -10.712
 -24.277   3.512 -10.899
 -25.045   7.275 -11.144
 -22.326   8.163 -13.596
 -23.833   5.511 -15.877
 -27.363   6.947 -15.514
 -26.430  10.549 -16.370
 -24.803   9.178 -19.557
 -27.869   7.071 -20.425
 -30.409   9.916 -19.929
 -28.201  12.012 -22.213
 -28.554   9.352 -24.967
 -32.324   8.929 -24.337
 -34.519  10.746 -21.777
 -36.680   7.652 -21.405
 -33.819   6.077 -19.519
 -34.572   8.418 -16.562
 -36.809   6.136 -14.483
 -34.525   3.082 -14.482
 -31.508   5.246 -13.682
 -33.316   6.680 -10.621
 -34.481   3.271  -9.480
 -30.944   1.942  -9.641
 -29.342   4.997  -7.910
 -31.823   4.895  -5.017
 -31.708   1.104  -4.406
 -28.113   1.193  -2.932
 -29.401   3.472  -0.138
 -30.662   0.373   1.685
 -27.169   0.117   3.219
 -27.403   3.515   5.025
 -30.926   2.630   6.341
 -29.445  -0.610   7.749
 -26.662   1.336   9.557
 -29.102   3.967  10.842
 -31.172   1.059  12.350
 -28.208  -0.064  14.417
 -27.456   3.474  15.602
 -31.094   3.981  16.698
 -31.118   0.493  18.450
 -27.972   1.619  20.379
 -29.206   5.135  21.274
 -31.844   3.251  23.099
 -29.198   2.458  25.644
 -27.382   5.768  25.613
 -16.584  -1.526  29.046
 -18.384  -4.779  28.201
 -21.486  -2.885  26.999
 -19.385  -0.287  25.191
 -17.183  -2.738  23.343
 -20.134  -4.932  22.285
 -21.459  -1.795  20.518
 -18.207  -1.288  18.573
 -18.463  -4.970  17.460
 -22.058  -4.323  16.310
 -21.007  -1.150  14.382
 -17.952  -2.803  12.755
 -20.068  -5.774  11.640
 -22.793  -3.619   9.948
 -20.539  -0.864   8.522
 -17.840  -3.152   7.122
 -20.390  -5.578   5.627
 -22.400  -2.702   4.029
 -19.148  -1.324   2.642
 -18.610  -4.745   0.935
 -22.140  -4.748  -0.606
 -21.487  -1.237  -2.058
 -18.159  -2.276  -3.658
 -20.151  -5.097  -5.321
 -23.158  -3.097  -6.499
 -21.057  -0.259  -7.942
 -19.760  -2.312 -10.860
 -22.713  -4.742 -11.134
 -25.097  -1.707 -11.169
 -23.234   0.281 -13.807
 -23.212  -2.800 -16.053
 -26.975  -3.119 -15.608
 -27.803   0.480 -16.467
 -25.739  -0.016 -19.645
 -27.407  -3.316 -20.580
 -30.981  -2.131 -19.855
 -30.326   0.824 -22.124
 -29.203  -1.362 -25.025
 -32.254  -3.753 -24.601
 -34.892  -3.309 -21.841
 -35.460  -7.033 -21.591
 -32.115  -7.193 -19.821
 -33.775  -5.658 -16.705
 -34.641  -8.834 -14.795
 -31.105 -10.265 -14.986
 -29.622  -6.919 -13.957
 -31.816  -6.687 -10.823
 -31.053 -10.288  -9.738
 -27.293  -9.590  -9.905
 -27.559  -6.188  -8.090
 -29.639  -7.564  -5.179
 -27.736 -10.870  -4.743
 -24.729  -8.989  -3.186
 -27.052  -7.731  -0.395
 -26.674 -11.068   1.409
 -23.399  -9.742   2.863
 -25.221  -6.904   4.720
 -27.814  -9.385   6.103
 -25.020 -11.565   7.521
 -23.399  -8.562   9.347
 -26.844  -7.473  10.691
 -27.396 -11.025  11.982
 -24.148 -10.759  13.985
 -25.116  -7.317  15.370
 -28.583  -8.577  16.415
 -26.910 -11.610  18.078
 -24.470  -9.302  19.894
 -27.418  -7.099  20.949
 -28.844  -9.844  23.155
 -25.631  -9.762  25.201
 -26.262  -6.016  25.737
 -13.321  -6.592  29.121
 -13.375 -10.143  27.770
 -16.929 -10.214  26.639
 -16.698  -6.986  24.695
 -13.373  -7.645  23.122
 -14.651 -11.017  21.751
 -17.514  -9.007  20.132
 -14.838  -6.881  18.438
 -13.193 -10.029  16.838
 -16.651 -11.432  16.122
 -17.257  -8.176  14.139
 -13.833  -7.841  12.450
 -14.226 -11.393  11.217
 -17.683 -11.072   9.563
 -16.964  -7.498   8.417
 -13.600  -7.947   6.744
 -14.552 -11.303   5.132
 -17.794  -9.756   3.727
 -15.710  -6.937   2.267
 -13.588  -9.641   0.511
 -16.699 -11.289  -1.008
 -17.838  -7.842  -2.224
 -14.456  -6.983  -3.795
 -14.659 -10.339  -5.632
 -18.255 -10.105  -6.804
 -17.975  -6.639  -8.328
 -15.678  -7.552 -11.231
 -17.021 -11.162 -11.518
 -20.636  -9.830 -11.456
 -20.085  -7.091 -14.042
 -18.523  -9.694 -16.339
 -21.576 -11.935 -15.883
 -24.134  -9.170 -16.696
 -22.166  -8.402 -19.864
 -22.038 -12.033 -20.969
 -25.735 -12.773 -20.290
 -26.472  -9.702 -22.390
 -24.373 -11.119 -25.289
 -25.898 -14.606 -24.981
 -28.447 -15.702 -22.340
 -26.927 -19.185 -22.295
 -24.057 -17.728 -20.319
 -26.449 -17.250 -17.314
 -25.768 -20.461 -15.377
 -21.936 -20.032 -15.348
 -22.214 -16.359 -14.426
 -24.068 -17.373 -11.231
 -21.645 -20.193 -10.366
 -18.769 -17.684 -10.498
 -20.683 -14.865  -8.683
 -21.695 -17.097  -5.795
 -18.369 -19.013  -5.383
 -16.606 -16.068  -3.576
 -19.481 -16.227  -1.008
 -17.520 -19.006   0.743
 -15.270 -16.289   2.253
 -18.150 -14.784   4.316
 -18.975 -18.321   5.571
 -15.428 -18.763   6.914
 -15.710 -15.420   8.799
 -19.258 -16.207   9.993
 -17.919 -19.571  11.187
 -15.261 -17.942  13.347
 -17.905 -15.560  14.773
 -20.094 -18.462  15.879
 -17.076 -20.325  17.476
 -16.298 -17.070  19.333
 -19.989 -16.474  20.363
 -20.098 -19.640  22.419
 -17.372 -18.105  24.594
 -19.410 -14.919  25.130
  -7.811  -9.096  28.461
  -6.031 -12.316  27.505
  -9.134 -14.092  26.245
 -10.518 -11.019  24.450
  -7.275 -10.175  22.737
  -6.865 -13.772  21.377
 -10.304 -13.181  19.713
  -9.230  -9.809  18.186
  -6.217 -11.693  16.636
  -8.363 -14.636  15.493
 -10.610 -12.247  13.510
  -7.813 -10.199  12.020
  -6.334 -13.483  10.791
  -9.484 -14.757   9.014
 -10.643 -11.253   7.883
  -7.362 -10.011   6.400
  -6.706 -13.351   4.604
 -10.335 -13.632   3.314
  -9.889 -10.100   1.965
  -6.676 -11.234   0.153
  -8.490 -14.215  -1.480
 -11.208 -11.779  -2.729
  -8.680  -9.309  -4.205
  -7.290 -12.255  -6.212
 -10.554 -13.942  -7.202
 -11.998 -10.712  -8.561
  -9.704 -10.223 -11.474
  -9.050 -14.012 -12.013
 -12.805 -14.761 -12.161
 -13.865 -11.905 -14.325
 -11.281 -13.015 -16.768
 -12.439 -16.584 -16.600
 -16.089 -15.724 -17.273
 -14.817 -13.864 -20.410
 -12.853 -16.930 -21.542
 -15.756 -19.401 -20.951
 -17.995 -17.124 -23.060
 -15.652 -17.267 -26.037
 -15.066 -21.032 -25.792
 -16.887 -23.196 -23.170
 -13.944 -25.599 -22.920
 -11.985 -22.974 -20.976
 -14.104 -23.797 -17.854
 -11.661 -26.269 -16.237
  -8.640 -23.920 -16.424
 -10.741 -21.024 -15.207
 -11.789 -23.000 -12.054
  -8.239 -24.108 -11.132
  -7.014 -20.525 -11.198
 -10.071 -19.071  -9.211
  -9.881 -21.670  -6.521
  -6.078 -21.802  -6.047
  -6.180 -18.362  -4.227
  -8.433 -19.994  -1.585
  -5.200 -21.217   0.064
  -4.715 -17.748   1.613
  -7.958 -18.105   3.642
  -7.035 -21.670   4.823
  -3.723 -20.387   6.204
  -5.673 -17.713   8.190
  -8.181 -20.311   9.386
  -5.298 -22.473  10.652
  -3.962 -19.560  12.798
  -7.443 -18.822  14.172
  -7.831 -22.524  15.006
  -4.394 -22.662  16.710
  -5.316 -19.536  18.737
  -8.751 -20.958  19.799
  -6.966 -23.695  21.762
  -5.406 -20.997  23.927
  -8.893 -19.534  24.611
  -1.808  -8.794  28.150
   1.288 -10.615  26.803
  -0.509 -13.828  25.757
  -3.347 -11.856  24.146
  -1.182  -9.219  22.432
   1.135 -11.909  20.985
  -1.995 -13.253  19.227
  -2.850  -9.835  17.688
   0.769  -9.754  16.345
   0.313 -13.316  14.936
  -2.969 -12.333  13.194
  -1.489  -9.184  11.653
   1.459 -11.224  10.308
  -0.653 -13.868   8.443
  -3.493 -11.525   7.473
  -1.329  -8.799   5.999
   1.025 -11.258   4.239
  -1.973 -13.144   2.741
  -3.288  -9.796   1.468
   0.075  -9.061  -0.252
  -0.027 -12.539  -1.926
  -3.603 -11.795  -3.145
  -2.597  -8.437  -4.683
   0.144 -10.199  -6.647
  -1.942 -13.196  -7.760
  -4.903 -11.158  -8.931
  -3.175  -9.356 -11.751
  -0.648 -12.185 -12.553
  -3.320 -14.886 -12.643
  -5.822 -13.138 -14.770
  -3.218 -12.498 -17.424
  -2.520 -16.231 -17.213
  -6.188 -17.307 -17.657
  -6.018 -15.038 -20.724
  -2.822 -16.442 -22.198
  -3.741 -20.114 -21.656
  -6.991 -19.343 -23.469
  -5.097 -18.112 -26.553
  -2.604 -21.027 -26.405
  -2.722 -23.934 -23.955
   1.032 -24.216 -24.047
   1.225 -21.208 -21.849
   0.029 -23.150 -18.752
   3.393 -23.898 -17.187
   4.747 -20.411 -17.505
   1.515 -19.018 -16.140
   1.445 -21.346 -13.092
   5.094 -20.691 -12.079
   4.362 -16.968 -11.940
   1.176 -17.462  -9.753
   2.866 -19.674  -7.255
   6.141 -17.767  -6.989
   4.291 -14.885  -5.130
   3.177 -17.358  -2.417
   6.445 -17.044  -0.483
   5.074 -13.890   1.096
   2.409 -15.927   2.966
   5.104 -18.495   4.110
   7.171 -15.687   5.621
   4.167 -14.509   7.677
   3.270 -18.023   8.863
   6.925 -18.335   9.927
   6.595 -15.228  12.150
   3.256 -16.504  13.486
   4.650 -19.989  14.393
   7.909 -18.473  15.868
   5.670 -16.186  18.073
   3.391 -19.095  19.060
   6.406 -20.793  20.614
   6.580 -17.772  22.977
   2.838 -17.851  23.862
   2.545  -5.330  27.943
   6.261  -5.088  26.948
   6.553  -8.569  25.391
   3.193  -8.319  23.698
   3.820  -4.927  22.198
   7.102  -6.277  20.726
   5.032  -9.005  18.969
   2.673  -6.393  17.441
   5.712  -4.542  15.959
   7.056  -7.822  14.502
   3.690  -8.507  12.755
   3.436  -4.920  11.455
   6.958  -5.130  10.049
   6.592  -8.413   8.118
   2.949  -7.850   7.143
   3.225  -4.306   5.851
   6.472  -5.127   3.986
   4.919  -8.273   2.408
   2.114  -6.040   1.089
   4.754  -3.846  -0.672
   6.458  -6.827  -2.382
   2.977  -7.946  -3.565
   2.013  -4.483  -4.911
   5.258  -4.648  -6.946
   5.001  -8.223  -8.197
   1.443  -7.732  -9.374
   2.056  -5.346 -12.230
   5.636  -6.550 -12.976
   4.434 -10.141 -13.434
   1.280  -9.335 -15.417
   3.694  -7.835 -17.899
   6.083 -10.839 -17.891
   3.273 -13.333 -18.522
   2.457 -10.995 -21.467
   5.905 -10.969 -22.966
   6.749 -14.666 -22.458
   3.422 -15.259 -24.256
   4.441 -13.289 -27.323
   8.106 -14.519 -27.349
   9.117 -17.377 -24.946
  12.710 -16.289 -24.921
  11.633 -13.396 -22.764
  11.450 -15.671 -19.700
  14.750 -14.747 -18.042
  14.317 -10.986 -18.183
  10.844 -11.404 -16.813
  11.969 -13.435 -13.782
  14.953 -11.213 -12.994
  12.435  -8.437 -12.423
   9.604 -10.353 -10.582
  12.243 -11.484  -8.086
  13.924  -8.075  -7.604
  10.978  -6.529  -5.636
  11.331  -9.370  -3.005
  13.950  -7.654  -0.830
  11.266  -5.588   0.809
   9.839  -8.561   2.698
  13.366  -9.489   3.776
  14.160  -6.084   5.167
  11.005  -6.269   7.322
  11.681  -9.829   8.416
  15.067  -8.528   9.751
  13.455  -6.065  12.101
  11.090  -8.857  13.167
  13.862 -11.361  13.872
  16.134  -8.653  15.491
  13.107  -7.959  17.797
  12.449 -11.669  18.610
  15.757 -11.938  20.435
  14.513  -9.423  22.949
  11.520 -11.713  23.523
   5.498   0.123  27.655
   8.591   2.075  26.575
  10.367  -0.814  24.922
   7.313  -2.252  23.233
   6.260   1.012  21.921
   9.834   1.587  20.555
   9.196  -1.700  18.698
   5.803  -0.653  17.273
   7.499   2.560  16.036
  10.285   0.420  14.457
   7.790  -1.767  12.505
   5.930   1.260  11.110
   9.197   2.735   9.803
  10.285  -0.408   7.899
   6.731  -1.438   6.767
   5.493   1.897   5.432
   8.754   2.616   3.618
   8.721  -0.945   2.116
   5.138  -0.291   1.062
   6.140   3.026  -0.556
   8.975   1.319  -2.588
   6.523  -1.361  -3.814
   4.055   1.307  -5.028
   6.928   2.857  -7.012
   8.431  -0.269  -8.442
   5.210  -1.705  -9.766
   4.708   0.907 -12.436
   8.483   1.620 -13.099
   9.094  -2.116 -13.624
   5.957  -3.006 -15.524
   6.952  -0.393 -18.018
  10.549  -1.571 -18.249
   9.808  -5.259 -18.646
   7.868  -4.288 -21.711
  10.565  -2.007 -23.012
  13.436  -4.488 -22.664
  11.012  -6.477 -24.861
  11.056  -4.047 -27.778
  14.856  -3.590 -27.484
  17.143  -5.517 -25.052
  19.428  -2.495 -25.050
  17.034  -0.960 -22.623
  18.142  -3.371 -19.859
  20.498  -1.208 -17.869
  18.433   1.965 -17.866
  15.336   0.125 -16.884
  17.093  -1.794 -14.041
  18.600   1.443 -12.833
  15.217   3.190 -12.647
  13.366   0.251 -10.863
  15.973   0.090  -8.095
  16.344   3.858  -7.678
  13.241   4.068  -5.543
  14.883   1.893  -2.869
  16.546   4.587  -0.851
  13.161   4.819   0.830
  13.339   1.347   2.399
  16.983   1.932   3.394
  16.091   5.090   5.232
  13.175   3.532   7.132
  15.502   0.626   8.068
  18.042   3.210   9.372
  15.405   4.736  11.675
  14.471   1.241  12.922
  18.135   0.726  13.932
  18.543   4.145  15.589
  15.486   3.143  17.697
  16.785  -0.440  18.443
  19.844   1.161  20.037
  17.357   2.815  22.516
  15.625  -0.474  23.280
